AAC_A,AAC_C,AAC_D,AAC_E,AAC_F,AAC_G,AAC_H,AAC_I,AAC_K,AAC_L,AAC_M,AAC_N,AAC_P,AAC_Q,AAC_R,AAC_S,AAC_T,AAC_V,AAC_W,AAC_Y,
5.47,3.98,3.48,4.98,2.99,7.46,1.00,3.48,2.99,12.94,1.99,1.99,7.96,4.48,3.98,9.95,8.46,7.96,2.49,1.99,
11.05,4.97,3.31,4.70,4.14,3.59,2.76,3.04,1.93,11.88,1.66,1.93,5.52,4.70,6.63,6.63,7.46,8.56,2.76,2.76,
4.72,2.65,1.77,7.37,7.37,4.72,3.24,3.54,6.49,15.34,1.47,4.13,1.47,6.49,5.60,5.31,5.01,5.90,2.65,4.72,
10.78,2.16,2.16,5.17,6.47,7.33,2.16,8.19,4.31,13.36,1.72,2.59,3.02,3.88,2.59,5.60,3.02,10.78,2.16,2.59,
3.03,3.03,3.03,14.85,1.82,6.67,2.73,1.52,5.45,5.45,3.33,2.73,5.45,6.36,6.36,12.12,6.67,6.67,1.21,1.52,
9.34,1.04,6.92,10.03,3.46,2.08,1.73,4.15,6.92,9.69,2.42,5.19,1.73,6.23,8.65,5.19,7.27,5.19,0.00,2.77,
6.17,1.34,3.49,7.24,4.29,5.63,3.49,5.63,7.24,10.46,3.22,4.29,4.02,4.02,2.41,9.92,4.29,7.24,0.80,4.83,
6.35,0.95,6.67,7.30,6.35,4.76,2.54,4.13,8.25,10.16,1.59,2.54,5.40,4.76,5.71,6.03,3.17,7.30,1.27,4.76,
9.32,2.54,5.08,4.80,3.11,7.34,1.69,6.21,5.93,8.19,0.56,2.82,8.19,5.37,5.37,5.08,7.91,6.21,1.69,2.54,
7.72,5.03,5.03,7.38,4.36,7.05,2.01,2.35,5.70,8.05,2.35,1.01,7.38,5.03,6.04,8.05,6.04,5.03,0.67,3.69,
5.43,1.29,5.17,5.94,4.13,9.04,3.10,6.98,9.56,11.89,2.84,4.13,4.13,4.13,3.88,5.94,4.65,5.43,0.52,1.81,
5.53,2.55,4.68,3.83,4.26,6.38,2.55,4.26,7.66,9.36,2.55,5.11,5.96,4.26,3.83,6.38,4.68,10.21,1.70,4.26,
10.15,0.75,5.64,7.52,1.50,15.79,3.38,0.75,0.38,10.53,0.38,0.75,9.02,3.76,6.02,5.64,3.76,12.03,1.13,1.13,
13.72,2.37,4.22,7.92,1.58,7.39,1.06,2.11,1.06,11.87,0.79,0.53,8.18,5.28,10.29,6.86,3.96,7.12,2.90,0.79,
7.04,0.28,1.97,8.73,2.54,7.89,0.56,1.13,3.10,10.42,2.54,1.41,20.00,7.32,5.63,7.61,2.82,4.51,0.56,3.94,
11.33,3.33,5.67,5.67,2.00,9.00,4.33,1.33,1.33,9.00,1.67,0.00,6.33,4.00,7.67,8.67,6.00,7.00,1.67,4.00,
10.30,1.99,2.66,5.32,2.33,12.62,2.33,0.66,3.65,7.97,1.33,1.99,10.96,5.32,9.63,7.97,3.32,5.65,0.66,3.32,
6.00,7.20,3.20,6.80,4.40,5.60,2.40,2.40,4.40,9.60,2.40,4.80,8.40,3.20,4.00,8.40,3.60,4.40,6.40,2.40,
12.77,2.49,6.23,4.98,3.12,10.90,0.62,2.80,3.74,12.15,1.87,2.49,5.92,3.12,6.85,4.05,4.98,7.79,0.62,2.49,
6.99,1.22,4.86,6.08,6.38,5.78,2.43,6.99,3.95,10.64,2.13,3.04,5.47,3.34,3.04,10.03,6.38,8.51,0.61,2.13,
9.50,3.62,3.62,2.26,7.24,6.79,3.17,4.07,5.88,13.57,4.52,0.90,4.52,1.36,3.17,6.33,5.43,7.24,1.81,4.98,
7.02,1.67,3.68,5.02,2.34,8.03,3.01,3.34,2.34,11.37,2.01,3.01,8.36,5.35,5.69,11.04,5.02,6.35,2.68,2.68,
8.76,1.59,6.77,8.76,6.37,7.97,2.79,4.78,5.18,7.17,1.59,4.38,4.38,2.39,7.17,5.18,4.78,6.37,0.00,3.59,
8.30,1.13,4.53,4.53,3.77,9.43,2.64,1.89,5.66,8.68,1.13,4.91,8.30,4.91,6.04,9.43,6.04,3.77,1.51,3.40,
8.66,3.90,3.03,6.93,1.73,10.39,3.03,3.03,1.73,15.15,1.30,0.87,6.93,3.03,9.96,3.46,6.06,7.79,1.30,1.73,
4.48,2.49,4.98,6.47,2.49,7.46,1.49,5.97,5.47,8.96,2.99,2.49,5.97,4.48,5.97,7.46,6.97,7.46,3.48,2.49,
5.09,1.09,2.91,5.82,6.18,9.45,3.64,1.82,4.00,10.18,1.45,2.18,12.36,6.91,5.45,6.55,5.45,5.09,0.73,3.64,
6.21,2.54,6.21,8.19,5.08,5.08,2.54,7.06,8.19,8.47,2.82,4.80,1.69,4.24,3.95,7.06,5.93,5.65,0.56,3.67,
11.95,2.39,3.19,5.18,3.59,7.17,1.20,1.20,3.59,7.97,0.80,1.99,12.35,5.18,7.97,9.96,4.38,6.37,2.39,1.20,
8.33,3.33,5.83,2.92,4.17,10.00,3.33,1.25,0.83,15.42,2.50,1.25,7.50,5.42,5.00,7.50,5.00,6.25,1.67,2.50,
8.28,1.53,4.29,5.83,3.07,5.52,7.98,1.84,3.07,5.52,3.07,1.23,12.58,5.83,2.45,10.74,6.44,4.91,1.84,3.99,
4.16,1.56,4.42,8.05,4.94,3.38,2.86,4.68,6.49,15.06,1.30,3.64,2.86,6.23,3.90,12.73,5.19,4.42,1.30,2.86,
4.48,4.83,5.17,8.62,4.48,8.97,2.41,4.14,6.55,8.28,1.72,5.17,3.10,3.79,7.59,8.28,3.79,6.90,0.00,1.72,
7.66,2.70,5.41,8.11,4.05,4.95,1.35,4.05,4.50,13.06,3.15,3.15,3.15,7.66,6.31,5.86,2.70,7.21,0.90,4.05,
9.03,0.69,2.78,4.86,5.90,6.94,2.43,6.94,3.82,10.76,3.12,1.74,4.86,2.08,5.56,6.60,7.29,7.29,2.08,5.21,
4.95,12.16,5.86,9.01,3.15,6.76,4.50,5.41,6.76,4.05,0.45,5.41,8.56,2.70,1.80,4.05,2.25,8.11,1.35,2.70,
7.01,2.21,3.32,4.43,4.06,8.12,1.48,3.69,4.43,11.81,1.48,3.32,7.38,3.69,4.80,9.96,5.90,8.12,1.48,3.32,
6.65,0.95,6.01,8.54,6.65,4.43,3.16,6.01,9.81,8.54,2.22,3.16,5.38,3.48,3.48,4.43,5.06,6.96,1.90,3.16,
1.45,4.35,5.80,4.35,6.76,6.76,2.90,6.76,6.28,10.63,2.42,5.80,2.42,4.83,1.93,8.70,5.31,4.83,3.86,3.86,
10.13,2.86,7.27,5.71,3.90,6.49,1.82,2.86,3.64,10.91,1.30,3.12,9.61,4.42,7.53,9.09,4.94,3.12,0.52,0.78,
15.07,2.40,2.40,2.40,3.42,6.85,2.05,0.68,0.68,11.64,0.34,0.34,21.23,2.40,9.59,7.19,3.77,6.85,0.68,0.00,
8.33,2.50,3.89,2.78,4.72,9.17,2.22,2.22,4.44,10.00,1.39,4.44,7.78,6.94,3.06,8.89,3.89,5.83,3.33,4.17,
4.44,1.48,2.59,10.37,3.70,5.93,1.11,5.19,7.04,12.96,1.48,2.59,5.56,5.19,6.30,8.89,5.93,5.93,1.11,2.22,
4.91,2.26,3.77,9.06,2.64,4.91,3.77,4.15,4.53,10.57,3.40,3.40,6.42,2.64,9.81,6.04,4.15,7.55,3.02,3.02,
7.89,3.16,3.68,7.37,2.11,7.37,2.63,4.74,5.79,6.84,2.89,3.68,5.26,4.21,7.37,6.84,5.26,10.26,0.53,2.11,
13.85,3.88,3.32,2.22,4.43,8.59,1.11,2.22,0.55,18.56,0.55,1.39,6.93,1.39,9.14,7.76,3.32,5.82,2.49,2.49,
5.65,2.68,3.87,6.25,8.63,6.55,2.98,4.76,4.17,12.50,1.19,2.38,2.38,4.17,4.17,8.04,4.46,9.82,1.49,3.87,
4.51,1.69,2.82,2.54,7.61,7.89,3.66,5.07,1.97,6.48,2.54,5.07,9.86,6.48,5.63,8.17,5.92,8.45,1.13,2.54,
6.42,1.83,7.34,5.96,5.50,7.80,0.46,4.13,6.88,9.17,2.75,6.42,3.67,5.50,5.05,4.13,6.88,5.50,0.92,3.67,
4.38,1.10,6.58,7.12,5.21,7.12,1.92,5.75,5.21,7.67,2.47,2.19,10.41,3.84,5.48,9.32,4.38,4.11,2.47,3.29,
8.10,2.86,5.71,4.76,5.24,7.14,2.86,2.38,4.76,8.10,1.90,4.29,5.24,2.86,7.14,5.24,4.76,11.90,1.43,3.33,
11.43,4.29,4.29,9.05,3.33,5.71,1.43,4.76,3.81,9.05,3.33,3.33,6.19,2.38,8.57,4.29,6.67,2.38,0.95,4.76,
7.62,1.35,4.93,8.52,1.35,7.62,3.59,5.38,5.83,7.17,2.69,4.48,4.04,8.07,6.73,8.07,2.24,8.52,0.45,1.35,
8.54,2.01,4.02,5.78,2.76,6.78,3.02,4.52,3.77,9.55,1.51,4.02,6.28,4.02,4.52,8.54,7.79,8.79,1.76,2.01,
8.02,3.74,1.87,2.41,8.02,4.01,2.94,8.29,3.48,13.90,1.87,5.35,4.81,1.07,2.41,5.61,8.29,5.61,1.60,6.68,
12.50,2.21,4.41,8.09,1.47,12.50,1.10,0.74,6.25,8.09,2.21,2.21,5.88,7.72,4.41,8.82,4.78,4.78,0.37,1.47,
8.74,2.46,3.55,6.28,3.01,6.83,2.46,1.64,2.46,13.39,2.19,1.64,7.65,6.83,9.02,7.10,3.01,7.92,2.73,1.09,
8.53,3.88,3.88,4.26,6.98,7.75,1.55,6.59,1.55,9.30,5.43,1.94,3.88,1.94,4.26,6.59,6.59,7.75,3.10,4.26,
3.72,1.69,5.74,7.77,5.41,4.39,3.04,6.42,8.78,6.08,4.73,4.05,5.07,5.41,4.73,5.74,5.74,5.74,3.38,2.36,
6.40,3.49,3.78,4.94,8.14,3.49,2.33,4.65,5.23,14.83,2.03,3.49,4.36,3.20,4.07,6.40,5.81,7.56,1.16,4.65,
8.74,2.46,4.10,6.28,3.55,10.66,1.64,8.47,6.28,8.20,3.28,3.28,4.64,4.10,4.64,4.37,6.01,7.38,0.00,1.91,
7.25,1.55,5.44,5.18,3.11,8.03,2.07,2.85,6.48,10.62,1.55,2.07,8.55,5.44,6.99,5.44,3.37,9.33,1.04,3.63,
12.84,5.50,2.75,1.83,3.21,9.17,0.92,2.29,3.21,14.22,2.29,1.38,4.59,3.21,2.75,4.59,6.88,11.47,3.21,3.67,
5.26,2.63,3.22,2.92,7.89,4.09,3.51,6.73,5.26,12.87,3.80,3.51,2.34,3.80,1.75,7.60,6.14,9.65,2.05,4.97,
6.54,3.43,4.36,4.05,4.98,6.23,3.74,2.18,2.80,15.89,1.87,2.80,8.10,4.98,8.10,6.23,5.61,4.67,1.56,1.87,
8.59,2.34,3.12,3.65,7.81,5.21,2.86,4.43,2.86,15.36,2.60,3.65,3.65,3.39,4.17,8.07,3.91,7.81,2.08,4.43,
7.80,1.39,3.34,4.46,4.74,4.18,3.90,3.06,5.57,12.81,2.23,2.23,6.13,5.57,4.74,8.91,4.74,7.80,2.23,4.18,
8.36,4.02,6.50,4.64,4.33,7.43,3.41,4.64,2.79,9.29,0.62,2.17,4.64,3.72,4.95,8.36,6.50,6.81,3.72,3.10,
8.85,1.77,5.31,5.90,2.36,8.55,0.88,5.31,7.96,9.73,2.06,3.24,3.83,3.83,3.24,7.08,6.19,8.55,0.00,5.31,
12.92,4.31,2.39,1.91,1.44,8.61,0.48,5.74,3.35,12.92,4.78,3.35,3.35,4.31,2.39,7.66,3.83,10.53,2.87,2.87,
6.34,2.46,4.93,3.87,5.63,6.34,3.52,7.75,4.23,10.92,1.41,3.17,4.23,2.11,5.28,8.45,5.63,6.34,1.06,6.34,
8.48,0.58,1.46,3.80,5.56,10.23,3.22,6.14,2.63,10.23,4.39,3.51,6.14,2.34,3.80,7.02,5.56,9.36,2.34,3.22,
5.33,1.33,3.56,4.89,4.44,6.22,2.67,2.22,4.44,10.67,1.33,2.22,11.11,5.33,5.78,12.44,5.78,6.22,0.44,3.56,
9.23,0.77,7.31,8.46,1.92,7.31,2.31,3.85,3.08,13.08,0.77,3.85,6.92,4.62,3.85,6.92,6.54,6.15,1.15,1.92,
6.93,3.28,6.57,5.84,1.82,14.23,3.65,4.74,2.55,10.22,1.82,3.65,4.01,6.93,5.84,5.47,4.38,6.93,0.73,0.36,
6.34,1.06,3.17,4.93,3.17,11.62,2.11,3.17,4.93,4.58,3.52,2.82,8.80,3.87,4.93,12.68,6.69,5.99,1.76,3.87,
8.63,2.54,2.79,4.31,5.58,9.64,2.54,4.57,2.79,10.66,2.79,2.03,2.54,4.31,7.36,8.38,7.11,6.09,0.76,4.57,
3.30,0.94,6.60,6.13,3.77,3.77,3.77,6.13,5.19,12.74,4.25,4.72,1.89,9.91,8.02,5.66,6.60,5.19,0.00,1.42,
6.63,1.81,6.93,5.12,6.33,6.33,2.71,6.93,7.23,12.05,2.11,4.22,3.31,2.71,4.22,6.33,3.01,6.33,1.20,4.52,
9.23,1.79,5.65,5.65,6.25,6.55,3.27,6.55,7.14,11.31,1.49,4.17,3.57,2.68,5.65,5.06,3.57,5.95,1.49,2.98,
6.46,0.92,6.77,8.31,2.46,4.00,3.08,7.08,4.62,11.69,2.46,3.38,2.46,7.08,8.00,7.38,4.62,7.38,0.31,1.54,
6.44,1.98,2.97,8.42,2.48,8.42,2.97,2.48,0.50,14.36,0.99,2.48,13.86,3.47,6.93,6.44,5.94,2.97,2.48,3.47,
3.84,1.53,4.60,7.67,4.86,4.86,1.79,7.16,6.39,13.30,2.05,4.35,5.88,5.88,4.35,6.39,5.12,6.14,0.00,3.84,
13.19,2.78,4.86,7.29,3.47,7.64,3.12,6.25,3.47,10.07,1.74,1.39,3.12,3.12,7.29,5.56,6.60,6.25,1.04,1.74,
7.21,2.51,5.02,5.02,3.76,6.90,4.39,3.13,3.76,9.09,3.13,1.25,8.15,7.21,6.27,6.90,2.51,8.78,2.19,2.82,
10.33,2.82,4.23,1.88,7.04,6.10,3.29,5.63,2.35,16.43,4.23,3.29,4.23,0.94,4.69,8.45,4.23,5.16,0.94,3.76,
6.94,1.89,3.79,5.05,3.79,7.26,2.21,5.05,4.42,11.99,3.15,3.79,2.84,4.10,6.31,5.99,6.62,7.89,2.52,4.42,
8.35,4.81,6.84,5.32,4.30,7.09,2.78,2.78,6.08,8.10,2.78,3.54,1.77,3.04,4.56,10.13,5.82,7.34,2.03,2.53,
5.21,0.65,5.21,5.86,5.54,5.21,5.21,3.58,5.21,12.38,1.95,3.91,7.17,5.21,7.17,5.54,2.93,6.51,1.63,3.91,
4.00,3.73,6.67,6.13,3.73,5.60,1.60,6.93,7.47,8.80,2.40,4.27,6.40,4.80,4.80,5.60,6.13,5.87,1.60,3.47,
10.04,5.79,1.93,9.27,2.32,5.02,1.93,3.47,3.09,3.09,3.09,3.86,9.65,3.86,3.09,8.49,12.74,7.72,0.39,1.16,
8.31,4.15,2.97,2.37,8.61,4.15,2.37,6.82,3.26,14.84,1.78,2.08,4.45,3.56,3.56,5.93,6.53,7.72,2.37,4.15,
14.08,2.11,3.52,5.28,4.23,11.27,1.41,1.06,5.28,8.10,0.70,1.41,12.32,3.52,5.63,9.51,3.52,2.82,1.06,3.17,
5.62,2.07,4.44,6.80,5.62,6.51,5.03,5.62,7.69,7.99,2.96,4.73,5.03,4.14,5.03,5.33,5.03,6.80,0.89,2.66,
6.83,8.87,3.41,5.80,2.73,8.53,2.39,1.71,3.07,7.85,1.37,2.05,8.87,5.80,8.19,9.90,4.78,5.12,1.02,1.71,
14.33,3.33,1.33,1.00,5.00,11.33,1.67,1.67,2.00,18.33,0.33,3.00,7.00,1.33,5.00,6.67,4.00,6.67,2.67,3.33,
6.94,3.18,2.60,4.34,6.36,7.80,2.60,3.47,1.73,15.32,1.45,2.31,4.34,4.05,5.78,8.09,4.34,9.25,2.31,3.76,
10.41,6.58,3.01,7.12,3.56,8.49,2.74,1.37,5.21,9.59,1.10,2.19,4.38,3.01,9.59,6.58,6.03,5.21,1.64,2.19,
10.64,7.00,3.08,4.76,3.08,8.68,2.52,0.28,5.04,12.04,1.12,1.68,4.20,4.76,8.40,8.40,5.32,4.76,1.68,2.52,
9.57,1.44,2.87,3.35,3.83,16.75,0.96,2.87,3.35,13.40,4.31,5.74,2.87,2.87,4.31,4.31,9.09,3.35,1.44,3.35,
7.96,2.49,1.99,4.48,3.48,10.95,3.48,2.99,1.99,12.44,1.49,1.49,8.96,2.99,6.97,7.46,3.98,10.45,1.99,1.99,
5.26,0.50,13.28,12.28,6.77,3.51,1.50,6.27,8.02,9.52,1.50,2.76,4.26,2.51,2.76,4.51,3.26,6.77,1.25,3.51,
4.71,2.69,3.03,7.07,5.05,5.72,2.69,6.73,6.73,10.10,1.68,4.38,5.39,3.70,3.70,6.06,7.74,10.44,0.00,2.36,
8.99,2.52,2.52,4.68,5.76,6.47,1.44,3.96,3.60,12.23,3.60,2.88,4.68,3.96,6.47,6.12,5.76,10.07,1.08,3.24,
6.19,0.93,5.26,4.02,7.12,5.88,4.95,8.98,4.95,9.29,4.02,4.33,5.57,1.55,4.02,4.64,3.41,5.26,2.79,6.81,
9.14,3.76,4.84,4.84,3.76,7.26,3.23,4.84,6.99,7.53,1.88,4.03,3.76,2.15,4.57,9.95,5.38,6.99,3.49,1.61,
7.33,0.67,6.67,7.67,6.33,4.67,3.67,5.00,8.33,7.67,2.33,5.33,3.00,2.00,5.67,6.00,5.67,8.00,0.00,4.00,
4.40,5.66,4.40,5.66,4.72,8.18,1.57,6.29,3.77,5.97,2.20,4.40,12.26,7.23,2.52,5.35,4.09,6.60,1.26,3.46,
4.90,3.59,4.58,6.21,4.25,6.54,2.94,5.56,1.96,6.54,2.29,5.56,9.80,5.56,6.86,9.80,4.90,5.56,0.33,2.29,
4.71,2.54,7.61,6.16,5.43,5.07,2.17,5.07,4.71,10.14,1.45,3.26,7.97,3.62,6.16,7.97,2.90,9.42,0.72,2.90,
4.95,0.00,4.50,7.66,5.41,4.95,2.70,7.21,7.66,13.51,3.15,4.05,6.31,5.41,4.95,3.15,3.60,6.76,0.45,3.60,
6.07,2.02,6.88,8.91,6.48,4.05,1.21,4.45,9.72,10.93,1.21,5.26,7.29,2.43,4.05,4.86,5.26,4.45,0.81,3.64,
6.69,1.49,4.09,2.97,8.18,8.18,1.12,5.20,4.09,15.99,4.83,2.97,2.23,4.46,3.35,5.58,5.20,7.43,2.60,3.35,
10.62,1.37,5.14,8.56,3.77,8.22,4.45,2.05,7.19,9.93,2.05,3.42,4.11,5.14,6.51,6.85,3.42,5.14,0.34,1.71,
4.07,2.44,7.72,6.91,6.50,8.94,1.22,6.91,8.54,8.54,2.03,3.66,4.07,4.47,5.69,4.07,4.47,5.28,0.41,4.07,
11.75,0.95,6.35,11.43,1.90,11.75,1.59,1.90,4.13,6.03,2.54,0.63,11.75,3.17,9.52,5.71,2.54,2.86,1.90,1.59,
5.87,1.79,3.57,5.87,4.08,8.42,2.30,3.83,4.59,13.01,3.32,2.55,7.14,5.10,6.38,4.34,4.34,8.16,2.81,2.55,
4.79,3.19,3.19,5.32,6.91,4.52,2.93,5.32,5.32,9.84,2.39,5.32,4.79,2.93,6.91,6.65,5.32,7.18,1.33,5.85,
7.51,0.58,3.47,8.67,3.18,4.91,1.16,2.89,7.23,9.54,3.18,3.47,6.36,5.20,7.23,10.69,7.23,3.76,0.87,2.89,
10.89,3.47,3.96,10.40,7.43,3.96,3.47,2.48,7.43,9.90,1.49,2.97,2.48,1.98,5.45,9.90,8.42,1.49,1.49,0.99,
17.07,4.88,0.49,6.34,1.95,10.24,1.46,1.95,3.41,8.29,0.49,0.98,12.20,3.90,12.20,7.32,1.46,3.41,1.46,0.49,
13.39,1.67,3.77,6.28,2.51,7.53,2.09,0.42,3.35,10.88,0.42,0.84,11.72,5.44,9.62,9.21,2.93,4.18,1.67,2.09,
12.32,2.37,3.79,4.27,5.69,4.74,3.79,2.37,0.47,8.53,1.42,2.37,9.48,3.32,13.74,9.00,3.32,6.64,0.47,1.90,
6.65,3.47,2.60,4.34,6.36,7.80,2.60,3.47,1.73,15.03,1.45,2.60,4.34,3.76,5.78,7.80,4.34,9.83,2.31,3.76,
2.79,4.57,2.54,11.93,2.54,5.58,6.35,4.31,6.35,9.64,1.27,2.54,4.57,8.38,7.61,7.11,4.06,4.82,1.52,1.52,
4.46,4.46,5.36,6.25,3.12,7.59,0.89,6.70,4.91,9.82,1.34,4.02,4.46,5.36,5.36,8.48,5.36,3.57,4.02,4.46,
13.18,4.09,3.18,2.27,1.82,8.64,0.00,5.45,3.64,13.18,2.73,2.73,4.09,4.55,3.18,5.45,6.36,9.55,2.73,3.18,
6.67,2.12,2.42,3.03,6.06,6.67,1.21,6.06,1.82,15.15,1.82,3.33,4.85,3.64,6.97,7.88,4.55,9.39,2.42,3.94,
5.00,1.58,3.42,3.68,7.37,4.74,3.95,5.26,6.84,11.05,2.63,5.79,4.47,4.47,4.74,7.63,6.32,5.26,1.58,4.21,
9.21,2.63,2.30,8.22,4.93,6.91,2.63,1.64,5.59,6.25,1.97,5.59,9.21,2.96,6.91,11.51,2.63,3.62,0.66,4.61,
13.08,0.00,3.85,3.85,4.10,11.03,2.05,2.82,2.31,4.87,1.28,4.10,8.72,5.13,5.13,6.67,8.21,6.15,0.26,6.41,
5.15,1.03,5.67,4.64,6.70,6.70,3.35,4.38,3.87,11.08,3.09,5.67,5.41,4.38,6.96,5.15,4.38,5.41,1.55,5.41,
11.19,1.36,2.03,4.41,7.12,11.53,1.36,8.47,3.73,10.85,3.05,3.05,4.75,2.03,3.05,6.10,3.05,8.81,1.36,2.71,
9.14,4.00,3.14,4.00,2.00,8.29,2.29,4.00,4.00,10.29,1.14,1.71,10.00,5.43,7.43,8.00,5.71,6.00,2.29,1.14,
8.24,2.13,4.26,7.71,4.26,5.85,2.66,2.39,5.32,10.11,1.06,4.79,7.98,6.12,3.99,11.17,6.38,3.46,0.53,1.60,
9.05,3.81,7.62,5.71,2.38,4.29,6.67,4.29,5.24,9.52,2.38,4.29,5.71,2.38,4.29,4.29,5.24,7.14,1.90,3.81,
12.05,1.61,3.21,6.43,2.81,8.43,2.01,2.01,2.01,15.26,0.40,1.61,6.43,5.22,10.44,7.23,3.21,6.02,0.80,2.81,
3.86,1.72,6.87,10.30,2.58,3.43,4.29,7.30,5.58,10.73,5.15,4.72,7.73,6.87,7.30,4.29,2.15,3.43,0.00,1.72,
3.65,1.69,5.90,7.30,7.58,3.93,4.49,7.30,7.30,9.83,1.69,3.09,6.18,2.81,6.46,3.93,4.49,6.74,1.69,3.93,
5.83,1.25,2.92,5.42,2.92,12.08,2.92,1.67,1.67,14.58,1.67,0.83,4.17,4.17,8.33,8.75,5.00,10.00,2.50,3.33,
9.92,1.53,6.11,8.78,0.76,6.87,2.29,2.67,0.76,9.54,1.53,2.67,12.60,2.67,4.20,11.83,4.20,5.73,1.53,3.82,
6.03,1.37,7.95,4.11,4.38,5.75,1.64,3.01,8.77,7.40,2.19,5.21,5.48,3.01,6.58,12.33,6.03,5.48,0.27,3.01,
11.89,4.13,2.07,1.55,4.39,8.79,2.84,4.65,1.55,14.47,1.55,2.33,5.68,2.07,6.98,7.24,4.91,7.75,2.07,3.10,
4.70,8.15,3.76,5.33,0.94,6.90,3.76,4.39,4.70,8.15,1.57,4.08,7.52,5.02,7.52,12.23,4.39,3.45,0.31,3.13,
7.64,9.38,4.51,3.82,2.08,4.86,3.82,3.47,3.47,10.07,1.39,1.39,8.33,6.25,5.21,13.19,5.21,3.12,1.04,1.74,
4.29,1.88,5.90,6.17,4.56,4.29,2.14,3.22,5.09,8.04,3.75,5.63,6.97,4.56,6.43,8.58,9.65,3.75,1.34,3.75,
6.90,2.30,5.75,8.91,5.17,5.75,1.72,6.03,6.61,9.77,4.60,3.45,6.03,4.31,2.87,6.32,4.31,6.90,0.57,1.72,
8.68,3.12,4.86,2.78,5.21,5.56,2.78,2.43,3.12,13.19,1.74,2.43,4.17,2.43,6.25,7.29,5.21,10.07,1.74,6.94,
3.38,1.01,5.74,8.45,5.07,3.72,3.38,7.09,10.14,8.45,4.05,5.41,5.74,1.69,3.38,5.07,7.09,4.39,2.70,4.05,
7.41,2.31,4.63,4.63,2.78,4.63,0.93,8.33,5.56,11.11,2.78,3.24,6.94,7.87,5.56,6.02,5.56,6.02,0.93,2.78,
11.34,0.69,3.78,4.47,4.12,5.50,2.41,2.41,4.12,8.93,1.72,2.75,12.03,5.84,7.90,9.62,4.81,4.47,1.37,1.72,
3.74,1.87,2.80,3.74,9.35,4.67,0.93,8.41,5.61,15.42,2.80,3.27,1.87,2.34,3.74,6.07,7.48,7.48,1.40,7.01,
4.50,1.50,6.75,10.75,4.75,6.50,1.50,6.50,7.50,9.50,2.50,5.75,4.50,2.75,7.25,4.50,4.25,4.50,1.25,3.00,
6.41,3.85,2.88,1.60,7.69,3.21,4.17,4.81,3.21,15.71,4.49,3.85,3.53,2.56,1.60,8.65,7.69,9.94,0.64,3.53,
11.16,1.72,5.15,3.43,7.30,9.44,0.43,3.86,2.58,6.87,1.72,3.86,6.01,6.01,2.58,8.15,3.86,7.30,2.15,6.44,
13.10,1.75,3.49,3.06,8.73,10.48,0.00,2.18,0.87,10.04,0.87,2.18,5.24,4.80,6.55,7.86,6.55,7.42,2.18,2.62,
9.86,0.35,2.46,4.23,3.17,13.73,3.52,1.76,3.17,11.27,1.41,2.46,11.62,4.23,9.51,7.04,3.52,3.87,1.41,1.41,
6.72,2.69,6.45,6.72,2.69,6.99,1.61,2.69,8.60,10.75,2.15,4.30,5.91,2.42,6.72,4.84,6.18,6.45,1.34,3.76,
7.64,1.99,2.99,3.65,7.31,10.96,0.66,5.32,5.98,9.97,3.65,2.66,7.97,3.65,4.65,4.32,5.98,6.31,1.00,3.32,
7.49,0.65,2.28,3.58,5.86,6.51,2.61,5.21,6.19,14.33,2.61,3.58,2.93,3.58,5.86,5.21,7.49,9.45,1.30,3.26,
9.02,3.26,4.26,4.76,4.26,8.02,3.01,4.51,5.51,11.78,2.26,4.01,5.01,4.76,4.01,3.76,4.01,4.26,1.25,8.27,
8.27,1.13,6.02,4.51,3.38,9.40,3.38,2.63,2.63,12.78,1.50,0.75,6.02,7.52,9.40,5.26,4.51,6.02,1.50,3.38,
4.91,2.60,5.49,6.36,3.18,6.36,2.60,3.47,7.23,9.83,2.60,6.36,2.89,5.20,5.20,8.09,4.34,5.20,2.89,5.20,
10.39,1.30,3.38,7.01,3.12,7.79,3.38,4.94,6.49,8.57,4.16,4.16,3.38,3.12,4.94,6.75,4.42,9.09,0.52,3.12,
4.90,7.78,6.34,7.78,2.02,11.24,2.88,2.31,4.61,7.78,0.58,2.31,4.32,5.48,5.76,7.20,3.75,8.36,3.17,1.44,
5.39,2.16,5.39,9.43,1.08,4.31,1.89,2.70,4.31,17.25,2.16,2.43,7.82,5.39,5.12,10.24,4.58,5.12,1.35,1.89,
5.75,3.51,4.47,7.67,2.88,6.07,1.92,3.51,9.58,12.14,3.19,3.83,6.71,2.88,4.79,8.95,4.47,4.47,1.28,1.92,
4.24,8.47,3.67,8.47,3.67,2.82,4.24,3.67,6.78,7.06,2.26,3.11,6.78,3.95,6.78,9.89,5.93,5.37,1.41,1.41,
8.45,2.82,3.76,5.63,5.16,7.51,2.82,2.35,1.88,10.80,1.41,4.69,12.21,1.41,7.51,6.10,3.76,4.23,1.41,6.10,
10.30,1.29,2.58,4.72,1.29,9.44,2.15,0.43,4.72,9.01,2.58,2.15,13.73,5.15,7.73,11.16,3.86,1.29,1.72,4.72,
6.98,1.90,4.44,4.44,6.98,6.03,3.49,6.67,4.44,6.98,2.22,3.17,3.81,1.90,8.25,11.75,6.67,5.40,0.95,3.49,
5.51,2.01,5.01,1.50,8.02,4.26,0.75,3.01,4.01,14.29,1.25,4.01,6.77,3.51,4.51,8.27,5.51,9.52,2.26,6.02,
8.36,0.70,3.48,3.83,1.74,5.57,3.48,1.39,4.88,8.36,1.05,4.18,12.20,7.32,4.18,12.54,4.88,3.48,1.05,7.32,
6.98,1.40,6.05,6.05,5.12,5.58,2.33,6.51,5.58,9.30,1.40,2.79,4.19,3.26,6.05,6.05,5.12,10.23,2.33,3.72,
5.95,1.89,4.59,6.22,2.97,5.41,3.24,5.41,7.84,11.08,4.32,3.24,5.95,3.51,5.95,5.41,4.86,7.57,1.35,3.24,
6.36,1.27,4.58,4.33,3.05,9.41,4.07,2.29,1.78,11.70,2.29,4.07,10.43,3.82,9.41,6.11,3.82,5.60,1.02,4.58,
4.07,1.74,3.78,6.98,5.52,6.69,3.78,3.20,7.27,12.50,1.74,5.81,3.78,3.49,6.40,4.94,4.36,7.56,1.74,4.65,
5.48,1.83,5.02,4.57,5.02,7.31,1.83,3.65,4.57,12.33,4.11,1.83,4.57,3.65,8.22,7.76,7.76,6.39,0.46,3.65,
7.75,7.25,4.00,4.50,3.00,3.50,3.25,2.00,2.75,14.25,3.25,4.75,9.50,3.75,6.75,7.75,5.00,4.25,1.25,1.50,
6.79,4.98,2.26,5.43,8.14,12.67,1.36,8.60,4.52,10.41,3.17,2.26,1.36,2.71,4.07,5.43,4.52,7.24,0.90,3.17,
7.95,1.54,2.56,5.38,2.56,6.92,3.08,2.82,4.36,9.49,2.31,2.05,9.49,3.85,8.21,8.97,6.67,6.92,1.28,3.59,
10.68,1.94,4.37,8.25,0.97,10.19,0.97,0.49,5.83,8.25,1.46,2.91,7.77,2.43,9.71,10.68,4.37,5.34,0.97,2.43,
9.20,3.07,2.15,5.83,2.15,7.67,4.29,2.76,2.76,15.64,0.92,0.31,5.21,4.29,11.96,6.13,3.99,5.52,2.15,3.99,
7.96,1.86,4.51,5.31,2.39,7.16,2.39,4.24,5.31,11.67,3.71,3.45,5.57,3.71,7.16,6.37,3.71,9.28,1.06,3.18,
7.75,2.46,1.41,5.28,7.04,7.39,2.46,3.17,2.82,15.14,1.76,3.17,3.87,2.11,4.58,8.80,5.99,7.04,3.17,4.58,
17.66,3.26,2.45,2.17,4.08,8.70,2.17,1.90,0.27,13.59,0.82,1.63,6.79,1.36,10.60,5.16,3.53,7.61,2.17,4.08,
4.74,2.23,5.57,6.41,3.62,6.41,1.39,3.06,4.46,11.98,2.79,4.46,3.62,5.57,7.24,13.93,6.13,3.62,1.11,1.67,
7.51,0.34,9.56,9.56,2.73,8.19,1.02,3.41,10.24,5.12,2.73,5.12,3.41,4.78,4.44,10.58,2.05,6.83,0.00,2.39,
13.60,1.21,3.93,7.55,3.32,12.69,3.32,1.21,5.74,8.46,2.11,2.11,5.14,4.83,7.25,6.65,3.93,5.44,0.30,1.21,
6.18,1.88,5.38,3.49,5.38,7.80,3.49,5.11,2.96,10.22,2.15,3.76,8.87,2.96,9.14,6.72,4.03,5.65,1.08,3.76,
6.94,1.67,5.00,5.00,6.11,5.28,3.33,5.83,3.06,10.56,4.17,3.33,5.28,3.89,4.72,8.61,6.94,5.83,1.39,3.06,
3.54,1.36,2.18,2.45,8.99,5.99,1.09,7.90,3.27,11.44,1.36,5.99,4.63,4.36,3.27,7.90,5.99,11.44,2.72,4.09,
10.58,1.92,7.21,18.75,0.48,8.17,0.96,0.48,1.44,9.62,0.48,0.48,14.42,3.37,7.21,4.81,3.85,2.88,1.44,1.44,
4.26,1.99,4.55,5.68,4.83,3.12,2.56,6.82,5.11,14.20,2.84,8.52,7.39,4.26,5.11,6.53,3.98,4.55,1.42,2.27,
3.72,2.79,5.58,7.44,4.65,6.51,2.33,3.26,5.58,9.30,3.72,6.05,6.05,3.26,6.05,6.51,4.65,9.30,0.93,2.33,
5.15,2.15,4.72,4.29,4.72,4.72,3.43,3.86,5.15,12.02,1.29,4.72,4.29,4.72,2.58,10.73,6.87,8.15,2.58,3.86,
7.19,2.10,4.19,10.48,3.89,4.79,1.20,3.89,7.49,15.27,2.69,2.99,2.40,5.99,5.09,7.19,3.89,7.49,0.90,0.90,
7.07,0.51,1.52,3.28,0.51,12.12,2.78,2.78,1.01,4.29,4.04,3.54,6.57,19.44,2.27,13.13,4.80,1.77,0.00,8.59,
5.67,2.02,4.05,4.45,3.24,4.86,2.02,5.26,7.29,15.38,2.43,3.24,3.24,4.45,6.88,6.88,6.88,6.07,2.02,3.64,
12.18,2.52,1.68,6.30,4.20,7.98,3.36,4.20,2.52,13.45,1.26,1.68,7.56,5.04,4.20,6.30,4.62,5.46,0.84,4.62,
10.69,0.94,4.72,7.86,2.83,5.97,3.14,2.52,2.83,11.01,3.77,3.14,4.40,6.92,6.92,7.86,5.97,4.72,1.89,1.89,
10.33,2.35,4.23,2.35,1.88,7.98,1.41,3.76,3.29,7.51,4.69,1.41,7.98,3.76,10.33,7.51,2.82,9.86,1.41,5.16,
4.59,3.24,5.68,7.84,5.41,4.05,2.97,5.41,7.30,10.00,2.16,6.22,3.51,4.05,4.86,6.49,5.95,5.14,0.54,4.59,
3.33,1.82,5.15,5.76,4.24,6.06,5.45,4.24,6.36,6.97,0.91,5.45,8.18,5.76,8.79,6.36,3.33,4.55,2.42,4.85,
6.99,1.40,3.15,7.69,3.15,5.24,3.15,3.50,5.59,11.54,2.45,4.90,4.90,4.55,8.74,5.94,3.85,4.55,4.20,4.55,
8.26,2.45,6.73,7.03,4.89,6.73,1.22,2.75,6.12,14.37,2.45,3.36,4.89,4.59,7.34,4.59,3.06,4.28,0.61,4.28,
9.29,1.77,1.77,5.31,3.54,6.64,3.98,0.88,2.65,8.41,0.88,1.77,15.04,5.75,10.18,10.62,5.31,2.21,1.77,2.21,
15.56,1.66,1.66,5.63,3.31,7.62,1.99,0.66,4.30,7.62,0.99,2.65,11.92,4.64,5.63,11.26,2.98,5.30,1.32,3.31,
7.66,0.85,4.26,3.83,4.26,8.51,2.13,3.40,1.70,13.19,0.85,0.43,13.62,5.96,8.09,4.68,5.11,8.94,0.00,2.55,
8.75,2.28,3.42,7.60,3.42,5.32,2.28,3.80,6.46,11.79,2.66,4.56,4.18,7.60,3.04,5.32,4.18,7.22,1.90,4.18,
3.36,0.61,4.89,10.40,5.81,5.81,2.45,7.65,8.56,8.87,2.75,3.67,3.98,4.28,5.50,4.59,4.89,7.03,0.31,4.59,
10.34,0.86,3.45,9.20,3.16,4.02,2.30,7.47,8.91,8.33,2.59,4.31,3.45,4.60,4.02,5.46,5.75,7.18,0.00,4.60,
10.41,1.58,6.62,6.94,3.79,3.47,2.21,5.68,5.68,9.46,4.10,3.47,2.52,5.05,7.26,9.15,4.73,4.73,0.32,2.84,
8.71,0.76,6.06,7.20,6.06,4.55,1.89,3.41,4.55,9.47,0.76,3.41,6.82,3.03,8.71,4.92,4.55,9.85,1.89,3.41,
6.70,1.96,4.19,6.42,8.10,7.26,1.96,4.75,6.15,8.10,2.51,4.19,6.70,3.07,4.47,3.91,6.15,4.75,3.63,5.03,
11.11,6.28,2.42,1.93,2.90,9.66,1.93,6.28,2.42,13.04,1.93,0.97,3.86,2.42,3.38,4.83,7.25,11.11,2.42,3.86,
8.71,2.79,8.01,8.71,3.14,3.14,2.79,5.57,6.97,10.10,2.79,3.83,1.74,7.32,8.36,4.88,3.14,5.57,0.35,2.09,
8.22,2.19,2.74,3.84,2.19,9.86,1.64,2.74,3.56,9.86,0.82,2.19,16.44,3.84,6.85,8.77,3.56,4.93,3.01,2.74,
9.13,2.61,4.78,3.48,3.48,8.70,2.61,7.83,4.78,9.57,3.91,4.35,7.39,4.78,2.61,6.96,5.22,5.22,1.30,1.30,
8.47,2.46,3.83,6.56,3.01,7.10,2.46,1.64,2.46,13.66,2.19,1.37,7.65,6.83,9.02,6.83,3.55,7.38,2.46,1.09,
10.07,1.68,5.03,7.38,2.01,5.37,2.68,2.01,3.69,10.74,0.34,1.68,6.04,5.03,10.40,10.40,5.70,7.05,1.34,1.34,
6.69,3.01,4.35,6.02,3.68,12.71,3.34,1.00,2.34,11.71,1.67,4.01,7.69,3.34,6.69,7.69,3.01,4.35,3.34,3.34,
4.73,5.05,5.68,5.36,5.36,5.68,2.84,3.79,4.73,10.73,2.84,3.47,6.31,3.15,6.62,9.15,5.36,6.94,1.26,0.95,
5.56,4.76,5.82,6.08,3.97,6.88,1.59,3.44,3.97,10.58,3.17,3.44,5.29,3.97,8.73,9.26,4.23,7.41,1.32,0.53,
4.10,5.05,5.68,5.36,4.42,5.68,1.58,3.47,4.42,12.30,3.15,3.79,5.99,4.10,6.94,9.15,5.68,7.26,0.95,0.95,
6.67,5.56,4.07,3.70,4.81,5.56,3.70,5.56,5.56,11.11,1.11,4.44,4.81,2.96,5.93,5.19,4.44,8.15,2.59,4.07,
3.02,1.81,4.23,5.44,6.65,3.63,3.93,6.04,5.14,12.39,3.32,4.83,3.93,2.72,4.83,6.34,5.44,6.65,2.72,6.95,
7.14,0.00,5.14,5.43,4.29,4.86,1.71,5.14,4.57,13.14,3.14,6.00,4.86,2.29,4.57,10.29,2.57,10.00,1.14,3.71,
3.87,2.38,10.42,7.44,7.44,3.27,2.08,5.95,6.55,8.63,0.60,3.57,5.65,4.76,4.17,7.74,5.06,5.06,2.08,3.27,
3.86,3.03,3.86,7.71,5.51,4.68,4.13,4.68,6.61,12.40,1.93,5.51,5.51,3.03,3.31,7.71,5.23,5.23,1.65,4.41,
7.94,2.53,7.22,6.86,3.61,6.14,1.81,3.61,5.05,10.83,2.53,4.69,4.69,4.33,7.58,5.42,4.69,8.66,0.72,1.08,
6.29,3.29,4.19,6.59,3.29,8.08,1.80,6.59,5.99,6.29,2.40,4.49,7.19,3.59,5.09,7.49,4.19,7.49,1.80,3.89,
9.27,4.30,4.64,6.62,2.98,4.64,4.30,1.99,6.29,11.26,0.66,1.66,4.64,4.30,5.96,10.93,6.62,5.63,0.99,2.32,
3.68,0.67,4.68,3.68,10.03,5.69,6.35,8.03,5.02,10.37,1.67,3.01,5.69,2.68,3.68,6.02,4.68,5.69,2.01,6.69,
11.07,1.23,3.69,3.69,2.05,8.61,3.28,6.15,1.64,10.25,0.41,3.28,8.61,4.51,4.10,8.20,7.79,6.15,1.23,4.10,
6.64,1.33,5.32,6.98,3.65,9.30,1.99,5.32,6.98,9.30,2.33,0.66,8.64,2.99,7.31,4.65,5.98,4.98,1.99,3.65,
5.30,0.99,6.95,6.29,5.96,4.30,4.64,5.63,10.60,7.62,3.97,3.64,5.96,3.64,3.31,4.64,5.63,4.30,2.98,3.64,
10.26,2.82,3.59,3.85,4.36,7.69,4.10,2.05,2.56,11.79,1.28,1.79,7.95,2.05,10.51,5.13,5.13,6.67,3.08,3.33,
5.94,2.33,8.01,5.68,5.43,5.68,2.84,4.91,7.49,9.56,1.55,3.88,3.36,4.65,5.17,5.17,4.91,6.98,2.33,4.13,
6.32,0.79,5.79,11.05,2.89,7.89,2.37,2.37,7.89,10.00,2.11,2.11,8.16,3.42,4.74,10.79,5.00,4.21,0.53,1.58,
5.08,5.84,3.81,11.68,1.52,2.54,1.02,4.06,3.55,12.44,0.51,7.11,3.05,7.87,6.35,10.15,5.08,5.33,0.51,2.54,
10.14,1.16,6.09,6.38,3.19,5.22,1.45,4.93,3.77,13.33,1.45,2.90,2.61,8.70,6.96,7.25,6.09,5.80,0.58,2.03,
8.28,4.97,3.97,7.95,3.31,8.61,4.97,3.97,4.64,8.61,1.66,3.31,4.97,5.96,6.95,7.28,4.30,4.64,0.66,0.99,
7.96,5.31,7.96,6.49,2.36,6.19,3.24,2.65,3.54,7.96,0.29,2.95,4.42,4.13,4.72,9.73,5.60,7.37,5.01,2.06,
4.73,3.25,4.14,7.40,4.14,5.92,2.07,3.85,5.33,11.24,1.18,2.66,5.03,6.51,9.76,8.88,3.85,4.73,1.48,3.85,
9.02,2.84,4.38,7.99,4.12,4.12,2.06,3.87,3.35,10.57,3.09,3.35,10.05,5.15,8.51,9.02,3.09,2.58,1.29,1.55,
6.31,2.02,5.05,5.81,4.80,6.82,2.27,0.51,3.54,9.60,2.27,2.78,11.62,4.29,7.58,7.07,5.30,5.56,2.53,4.29,
8.36,0.90,4.48,6.57,2.99,7.76,2.09,1.19,3.88,14.03,1.19,1.49,10.15,5.67,7.76,4.18,4.48,8.96,2.09,1.79,
10.50,1.37,6.39,7.76,3.65,9.59,2.28,3.65,11.87,4.57,0.91,1.37,4.11,2.28,6.85,8.68,5.94,6.39,0.46,1.37,
10.32,1.18,4.13,9.73,4.42,4.72,1.77,6.49,9.44,8.85,2.95,3.83,2.95,4.42,2.06,5.60,5.60,7.37,0.00,4.13,
5.68,4.10,6.94,5.68,5.05,7.26,3.15,7.26,5.36,10.41,3.79,3.47,3.79,1.89,5.99,5.36,5.05,6.94,0.00,2.84,
6.13,3.87,1.61,2.58,6.13,5.48,2.90,7.42,2.90,17.42,3.87,3.55,4.84,2.26,4.84,5.81,5.48,8.39,0.65,3.87,
9.13,4.18,5.70,7.98,4.18,7.98,1.90,2.28,6.46,12.55,1.52,3.04,5.70,2.66,3.80,5.32,4.94,6.08,1.14,3.42,
3.68,0.67,5.02,10.37,2.34,2.68,3.68,5.69,7.69,11.71,2.68,4.01,5.02,6.69,7.02,8.70,3.34,6.35,0.33,2.34,
10.62,0.37,5.13,6.59,2.56,6.59,2.20,1.47,5.86,8.42,1.47,2.93,9.16,6.96,6.23,8.79,5.49,4.03,1.47,3.66,
8.78,3.12,1.42,3.40,3.68,5.67,3.12,5.95,2.55,15.86,1.70,3.12,4.25,1.98,5.38,8.78,5.67,9.92,1.70,3.97,
10.00,4.19,5.81,3.87,2.58,5.81,2.90,1.94,2.58,13.23,1.29,5.16,10.32,2.58,8.39,6.77,4.19,4.52,1.61,2.26,
6.70,1.12,4.75,8.10,2.79,11.17,3.91,1.96,4.47,8.10,1.96,4.19,4.75,4.75,4.47,10.06,4.19,8.10,3.35,1.12,
9.30,2.33,1.55,3.88,3.49,8.91,2.71,0.78,2.33,10.85,3.10,1.55,12.40,7.75,6.59,12.40,5.04,2.71,1.55,0.78,
6.52,1.74,4.78,5.22,4.78,6.09,2.61,6.09,4.78,13.48,2.61,4.35,3.48,1.74,5.22,7.39,6.09,8.70,0.87,3.48,
6.46,0.92,3.08,3.69,5.85,9.85,2.15,9.54,5.23,9.85,3.38,2.15,3.08,4.62,5.23,5.85,5.85,8.31,1.85,3.08,
8.76,2.72,3.32,7.85,3.32,9.37,3.63,3.63,3.32,8.76,3.32,3.63,6.04,3.63,6.34,3.32,4.53,7.85,3.02,3.63,
5.63,1.69,6.20,6.20,3.66,6.20,3.10,5.07,7.89,10.42,1.41,3.10,4.23,4.51,5.92,6.48,4.79,6.76,1.41,5.35,
5.49,4.76,5.13,3.66,5.86,4.76,4.76,5.13,5.49,11.72,1.47,3.30,5.49,1.83,5.13,7.33,4.03,9.16,2.20,3.30,
3.67,10.17,3.39,3.95,3.95,7.63,1.41,4.80,8.47,8.19,1.69,3.95,7.63,5.93,4.24,7.34,5.37,4.24,1.41,2.54,
10.83,1.25,3.75,3.75,2.50,5.83,3.75,2.50,7.50,8.75,3.75,2.92,11.25,3.33,5.42,9.17,5.00,2.92,1.25,4.58,
4.98,3.45,3.83,4.98,7.66,4.60,3.45,8.05,6.13,8.05,2.68,4.60,3.45,3.45,4.98,5.75,5.75,8.05,2.68,3.45,
8.57,1.63,5.31,15.10,2.04,2.45,3.27,2.04,4.90,6.94,0.41,1.63,11.02,4.90,11.02,9.80,5.71,1.22,0.82,1.22,
10.57,1.63,3.25,7.72,3.25,6.10,2.85,2.85,6.10,10.57,0.41,3.66,5.69,5.69,8.54,6.91,4.88,4.88,2.03,2.44,
4.92,0.82,6.97,2.05,4.92,2.46,4.51,6.15,4.10,13.52,1.64,2.46,5.33,3.28,9.02,8.61,4.51,9.43,1.64,3.69,
12.44,4.61,2.76,3.23,0.92,9.68,0.46,5.07,2.30,18.43,2.30,0.92,4.61,4.15,3.69,5.07,5.07,9.22,2.76,2.30,
11.30,4.18,2.09,1.26,2.93,7.53,1.67,5.44,2.51,13.39,2.93,2.93,5.44,4.18,3.77,7.11,9.62,5.44,1.67,4.60,
5.29,1.67,5.29,5.01,2.51,5.29,3.34,4.74,5.29,8.64,3.62,3.34,8.91,5.29,5.01,12.26,6.96,5.85,0.56,1.11,
3.31,1.53,3.05,9.16,2.80,3.56,3.31,5.60,7.38,10.94,1.78,4.58,4.07,4.83,3.82,10.43,9.41,6.62,1.53,2.29,
4.33,1.00,5.33,9.00,4.33,5.00,3.00,5.67,8.00,13.33,1.67,4.67,3.67,5.33,4.00,5.00,5.33,5.33,1.00,5.00,
5.19,3.33,4.81,7.04,4.44,4.07,3.70,4.07,12.22,9.26,2.96,4.07,3.33,3.33,2.59,9.63,6.30,5.19,0.74,3.70,
4.12,3.37,2.62,8.24,4.87,5.99,6.74,3.00,6.37,9.36,3.00,2.25,7.87,5.62,4.87,8.24,5.62,6.74,1.12,0.00,
6.30,2.01,6.59,7.45,3.72,6.88,3.44,4.87,7.45,11.46,1.72,2.29,4.58,4.87,3.15,5.73,4.30,10.32,0.86,2.01,
5.35,2.25,6.76,8.45,4.79,3.38,1.13,8.45,6.48,8.73,2.54,3.38,2.54,5.92,7.61,6.20,5.07,5.92,0.85,4.23,
4.78,0.48,8.13,6.70,6.22,7.18,1.91,5.26,9.57,10.05,4.78,7.18,2.39,6.22,0.96,4.31,4.78,5.26,0.96,2.87,
7.12,0.93,3.10,6.50,3.41,9.91,2.17,4.33,4.95,11.76,4.64,1.86,4.95,3.72,6.50,5.88,5.57,7.12,2.48,3.10,
9.01,1.80,4.95,7.66,3.60,9.91,1.80,1.80,2.25,11.26,1.35,1.35,6.31,4.95,6.31,7.21,4.50,9.46,1.80,2.70,
5.44,4.42,5.44,4.08,5.10,7.82,0.68,9.18,3.74,11.90,3.40,4.08,3.06,2.72,4.42,4.42,5.10,7.82,1.36,5.78,
4.92,4.59,3.61,6.23,4.92,4.59,1.97,3.93,3.28,14.10,5.25,3.28,3.28,3.61,4.92,6.23,5.90,7.87,3.28,4.26,
9.82,1.75,5.96,5.26,2.46,12.63,2.46,2.11,2.46,15.09,1.05,1.05,7.72,2.81,6.67,7.02,5.26,7.37,0.70,0.35,
7.05,1.66,4.98,3.32,2.49,9.54,2.49,2.90,2.90,16.18,0.41,0.83,11.62,2.90,8.71,7.88,3.73,6.64,2.07,1.66,
11.52,1.12,4.49,8.99,2.25,9.27,2.25,1.97,2.81,8.71,1.97,2.25,8.71,4.49,11.24,6.46,4.78,3.09,2.25,1.40,
7.25,1.51,4.83,5.74,2.72,8.46,3.32,2.72,6.04,14.50,2.42,1.81,5.44,4.53,6.65,5.14,7.25,6.34,1.21,2.11,
11.11,0.41,5.76,14.81,2.47,2.88,2.47,3.70,11.52,8.64,1.65,4.12,2.47,3.29,9.88,3.70,2.88,3.29,1.23,3.70,
8.37,0.80,3.59,10.36,3.59,6.37,1.99,1.99,9.16,9.56,1.20,0.80,11.16,2.39,8.37,6.77,3.59,5.58,1.99,2.39,
7.61,2.54,5.07,3.26,2.17,3.62,1.81,2.90,3.62,10.87,1.81,0.72,7.97,5.80,5.43,11.23,9.42,7.97,3.99,2.17,
4.85,2.30,2.55,6.38,3.57,5.61,4.34,5.61,3.57,12.50,3.06,4.59,6.38,5.10,8.16,8.16,4.08,4.59,1.79,2.81,
11.72,3.65,2.08,2.60,4.69,8.85,1.30,3.65,1.30,17.19,2.34,2.34,3.65,1.56,9.11,9.11,4.17,6.25,1.82,2.60,
4.04,3.31,3.31,2.21,8.82,3.68,8.82,2.57,1.47,15.81,2.21,2.57,6.99,3.68,2.94,7.72,5.15,7.72,4.04,2.94,
13.02,0.93,3.72,6.51,3.26,8.84,5.58,2.33,6.51,8.84,1.40,1.86,10.70,4.19,7.91,5.58,2.79,2.33,1.40,2.33,
8.49,3.09,3.47,3.47,2.32,10.04,2.32,3.47,3.47,18.53,1.16,1.93,4.63,4.63,9.27,8.49,1.54,5.41,1.93,2.32,
8.76,7.34,4.24,4.52,1.41,7.06,3.11,1.69,6.21,9.89,3.11,3.39,4.24,3.95,7.63,7.63,4.52,6.78,1.41,3.11,
8.99,2.12,2.65,5.82,2.65,9.26,2.12,2.12,2.12,15.61,0.79,2.38,7.94,5.03,7.41,7.14,3.70,6.61,3.44,2.12,
8.00,4.00,4.27,5.60,4.53,9.87,1.60,6.40,8.80,7.73,2.13,3.20,5.33,1.60,2.93,6.40,5.87,10.13,0.53,1.07,
5.75,0.38,1.15,2.68,8.81,7.28,6.51,5.36,1.15,13.03,4.21,2.30,4.98,3.45,1.92,8.05,9.20,4.98,4.60,4.21,
7.34,0.85,4.80,5.65,4.24,6.21,2.54,4.52,7.34,13.84,3.39,4.52,3.95,4.80,4.24,6.21,6.78,4.24,1.41,3.11,
4.59,1.83,9.63,4.13,4.13,7.34,2.29,6.88,7.34,9.63,3.21,3.67,4.13,1.38,5.50,5.05,5.05,9.17,0.00,5.05,
6.90,2.59,5.75,5.17,2.59,7.18,3.45,4.60,8.05,9.20,1.44,5.17,4.89,4.31,2.30,4.89,5.46,8.62,2.30,5.17,
11.86,3.56,6.32,3.95,0.00,9.49,4.35,2.37,2.37,12.25,1.19,1.98,6.32,3.16,8.30,6.32,3.16,9.49,1.98,1.58,
8.41,0.00,0.44,1.33,3.98,3.54,2.65,12.83,2.65,19.47,5.31,4.87,6.19,3.10,1.77,5.75,11.50,3.54,1.33,1.33,
7.28,0.38,5.36,4.98,4.21,6.13,4.21,3.83,6.90,7.66,1.15,6.51,6.51,3.45,2.68,11.49,5.36,6.51,2.30,3.07,
5.25,2.75,5.50,6.25,5.00,6.50,1.50,4.50,6.50,10.75,1.00,3.25,6.00,6.00,6.50,5.75,6.00,4.50,2.25,4.25,
7.12,2.62,5.62,9.36,3.37,11.24,1.50,1.12,7.12,7.87,2.62,2.62,8.24,3.00,8.24,8.61,3.00,3.00,1.50,2.25,
5.24,2.62,5.24,12.73,4.12,8.99,1.12,1.12,7.87,11.61,4.49,2.25,4.49,2.62,7.87,6.74,3.00,2.25,1.50,4.12,
5.91,2.76,5.51,9.06,4.72,9.06,0.39,1.57,7.87,12.99,1.97,2.36,4.72,3.94,6.30,9.84,3.94,2.76,1.18,3.15,
4.61,2.30,5.07,6.91,6.45,5.07,1.38,3.69,4.15,15.21,1.84,4.15,4.15,6.45,5.53,9.68,5.53,3.23,0.92,3.69,
5.07,2.30,4.61,5.99,5.53,4.61,0.92,3.69,4.61,15.67,1.84,4.15,3.23,6.45,6.45,10.60,4.61,3.69,1.38,4.61,
7.80,0.49,2.44,1.46,5.37,7.32,5.37,1.46,2.93,17.07,1.95,1.95,8.78,6.34,2.44,10.24,6.34,5.85,0.98,3.41,
6.64,1.11,7.01,7.01,4.80,2.95,2.21,7.01,7.75,9.23,2.58,5.54,3.69,4.06,2.21,10.33,6.27,5.17,0.74,3.69,
4.83,1.86,7.43,7.81,7.43,4.83,1.49,3.35,7.43,8.92,4.46,4.46,5.58,6.69,2.23,7.81,3.35,6.32,0.74,2.97,
5.15,4.78,2.57,8.46,2.94,5.88,2.21,3.31,4.04,6.62,4.78,1.84,6.62,7.72,5.88,7.35,10.29,4.78,1.84,2.94,
9.79,3.83,2.98,2.55,4.68,5.53,1.70,2.13,3.40,14.04,0.85,2.98,10.21,2.55,7.66,8.09,6.81,5.96,1.28,2.98,
4.26,2.76,4.26,5.51,3.76,5.26,2.26,3.01,7.52,8.52,0.75,4.01,8.02,3.76,1.75,11.03,8.27,10.03,1.75,3.51,
3.80,3.29,4.05,6.08,4.56,4.56,2.03,2.78,6.58,7.34,1.27,4.05,8.10,4.05,2.53,10.89,8.61,10.63,1.77,3.04,
3.79,2.78,4.04,6.31,4.29,5.05,1.77,2.53,6.57,8.33,1.01,3.79,7.58,4.04,2.53,11.87,8.08,10.35,1.77,3.54,
6.28,3.52,3.27,5.28,3.52,6.03,1.76,1.01,3.02,11.56,0.50,2.26,11.56,4.27,3.52,10.30,11.81,6.53,2.01,2.01,
6.65,3.84,3.58,5.63,3.32,6.14,2.05,1.02,3.07,11.25,0.77,2.56,10.49,4.60,3.84,9.21,11.00,6.91,2.05,2.05,
9.67,1.10,5.52,7.46,2.21,7.18,2.49,2.49,3.04,7.73,2.76,1.66,5.52,5.52,8.29,6.35,7.18,6.63,3.04,4.14,
5.49,1.57,4.31,7.06,5.88,7.45,3.53,4.71,3.53,10.98,3.14,3.53,5.49,3.14,1.57,9.02,6.67,9.02,1.57,2.35,
5.12,1.97,3.94,5.91,4.33,7.48,3.15,5.12,3.94,11.81,1.57,4.33,5.91,2.76,2.76,9.06,6.30,10.24,1.57,2.76,
5.36,1.53,3.83,7.28,3.45,5.75,3.45,4.21,2.68,9.96,2.68,3.45,4.98,4.60,8.05,5.75,8.43,8.43,1.92,4.21,
8.61,0.00,5.99,11.24,3.00,4.12,2.25,0.00,8.24,15.36,1.50,1.87,3.75,7.12,6.37,5.99,4.49,5.62,1.87,2.62,
12.30,0.63,3.47,12.62,1.26,5.68,0.63,0.63,4.10,12.93,2.52,0.32,2.52,10.09,10.73,4.42,3.79,7.57,2.52,1.26,
4.46,1.34,4.02,6.70,7.14,8.04,1.34,5.36,6.25,8.93,1.34,3.12,4.91,3.12,2.68,10.27,6.25,8.48,2.68,3.57,
4.08,2.04,3.67,4.49,4.08,16.73,0.82,5.31,4.90,6.12,1.63,2.86,8.98,6.12,6.12,7.35,3.67,7.35,1.22,2.45,
3.27,1.63,3.67,2.86,3.67,16.73,2.45,2.86,4.90,11.02,2.45,3.67,12.24,4.08,2.86,4.90,4.90,7.35,0.41,4.08,
5.51,6.67,4.06,5.80,5.80,6.67,1.74,4.64,8.70,5.80,1.45,4.06,9.28,1.16,2.90,6.67,7.83,5.80,1.45,4.06,
6.92,1.15,5.48,4.03,3.17,7.49,2.31,1.44,3.75,20.75,1.15,4.90,7.20,6.34,5.19,7.78,3.75,4.32,2.02,0.86,
8.46,2.99,8.96,4.98,4.98,6.47,1.00,1.99,5.47,9.45,2.49,4.48,2.49,3.98,7.46,5.97,4.48,6.97,2.99,3.98,
5.47,1.99,5.47,9.95,4.48,3.48,1.49,4.98,6.97,10.45,1.00,4.98,3.98,5.47,4.48,3.98,8.46,5.47,1.99,5.47,
8.49,0.00,1.26,3.46,5.03,3.77,0.63,7.23,2.20,19.81,5.03,4.09,6.92,1.89,2.20,6.60,11.01,3.14,2.83,4.40,
5.76,0.00,0.00,1.73,4.32,3.75,1.15,8.93,3.46,18.44,7.20,5.76,6.63,2.88,1.15,8.07,12.39,2.31,3.17,2.88,
7.25,4.35,1.45,3.48,9.57,6.67,1.16,5.51,3.77,8.12,3.19,3.48,4.64,3.77,3.48,8.12,5.51,9.86,2.03,4.64,
9.62,3.02,1.92,3.02,5.49,5.49,1.92,6.59,3.85,7.42,3.30,3.30,5.22,3.57,3.30,9.34,5.49,9.89,3.85,4.40,
9.34,3.02,1.92,3.02,6.04,5.49,1.92,6.04,3.85,7.69,3.02,3.30,5.49,3.57,3.30,9.34,5.22,10.44,3.85,4.12,
3.95,1.58,2.37,3.56,2.77,17.79,3.95,3.56,3.95,4.74,4.74,4.74,6.72,5.93,4.35,5.93,5.14,5.53,3.56,5.14,
6.20,1.94,3.49,6.20,4.26,7.75,2.33,3.10,3.10,8.91,3.10,3.88,4.26,6.59,8.14,5.81,6.59,9.69,1.55,3.10,
8.17,2.82,8.17,7.61,5.35,4.79,2.25,6.76,7.61,7.61,2.54,3.94,1.41,3.94,5.07,5.92,6.20,5.63,0.85,3.38,
2.64,2.31,4.95,8.25,5.94,8.58,0.33,6.27,10.23,7.92,1.65,4.62,6.60,3.96,4.95,4.29,3.96,5.28,1.32,5.94,
4.97,0.93,5.90,5.90,2.80,11.18,2.48,7.14,7.45,10.25,1.24,2.80,7.14,1.55,4.04,6.21,6.83,7.76,0.62,2.80,
11.41,1.34,5.70,2.01,6.04,10.40,0.67,6.71,7.72,7.38,2.68,2.35,2.35,4.03,5.70,4.03,5.70,7.38,1.68,4.70,
8.49,1.89,3.77,7.55,5.19,3.30,0.94,4.25,6.60,13.21,2.83,5.19,5.19,6.60,4.25,8.96,6.13,3.77,0.47,1.42,
5.19,5.19,4.25,7.08,2.36,5.66,3.30,2.83,9.91,8.49,2.36,4.25,5.19,3.30,8.96,8.49,3.77,4.72,2.36,2.36,
5.66,0.94,7.08,7.08,3.77,8.96,3.77,2.83,5.19,8.96,2.83,4.25,9.43,4.72,5.66,5.66,3.30,5.66,1.42,2.83,
6.34,1.49,4.10,7.09,4.85,7.84,2.24,5.22,2.99,8.58,2.61,3.36,4.85,5.60,7.46,5.60,6.34,8.21,2.24,2.99,
4.19,2.33,3.26,8.84,4.19,7.91,3.26,6.51,4.19,3.72,3.26,4.19,4.19,8.37,5.58,9.30,5.12,2.33,4.19,5.12,
4.87,0.44,2.65,6.19,2.21,1.33,2.21,6.19,5.31,13.72,1.77,2.21,17.26,11.06,1.33,3.98,3.98,9.73,0.44,3.10,
5.36,1.92,8.81,9.58,5.36,6.13,1.53,4.60,9.58,15.33,2.68,5.75,1.15,5.36,2.30,3.83,4.98,1.92,0.77,3.07,
5.50,2.45,3.67,5.50,5.50,7.95,4.59,4.28,3.36,13.15,1.22,3.98,4.89,5.20,4.28,8.26,3.67,6.12,3.98,2.45,
10.63,1.63,4.63,7.08,4.63,8.17,2.45,3.00,3.27,11.72,2.72,1.63,7.08,5.99,6.54,3.00,4.36,7.08,1.36,3.00,
8.00,1.20,4.80,5.20,5.60,8.00,3.20,5.60,2.40,11.20,2.00,2.40,7.60,4.40,4.80,5.60,4.80,8.80,1.60,2.80,
9.09,0.00,4.80,12.37,3.03,4.04,2.02,1.26,7.07,14.14,1.52,3.79,3.03,10.86,6.57,4.80,3.79,5.81,0.25,1.77,
3.41,1.05,6.82,7.61,4.20,8.66,4.20,3.41,9.19,9.71,2.89,4.46,4.99,2.89,4.72,5.77,4.46,7.87,1.05,2.62,
5.92,3.12,5.61,9.03,2.18,6.85,2.80,2.18,4.05,11.53,2.18,3.43,4.05,6.54,7.17,9.66,4.67,4.05,3.43,1.56,
5.73,4.20,6.49,6.49,3.82,8.40,4.20,3.44,3.05,10.31,1.91,3.44,5.73,4.58,2.29,6.87,5.73,8.40,3.05,1.91,
6.28,0.75,5.03,3.27,6.28,6.28,2.76,5.78,5.53,9.55,2.76,7.04,5.53,4.02,2.51,7.04,5.53,6.28,2.51,5.28,
3.44,3.44,6.87,7.56,2.41,7.90,4.12,0.69,4.47,12.37,1.37,3.78,4.81,7.56,5.15,7.90,4.12,6.19,3.78,2.06,
6.11,3.54,5.47,6.43,4.50,7.72,4.82,2.57,4.50,9.32,0.96,5.14,4.18,7.07,4.18,7.72,4.18,6.43,3.54,1.61,
8.27,4.27,4.53,5.33,4.00,9.60,2.13,6.93,8.53,7.73,2.93,2.93,5.33,1.87,2.40,6.13,5.87,9.60,0.53,1.07,
11.88,1.49,4.46,4.46,5.45,7.43,2.48,1.98,2.48,11.88,0.99,0.50,4.95,8.42,7.43,5.45,5.94,8.42,0.99,2.97,
5.38,1.92,6.15,5.77,4.62,6.92,4.62,3.85,6.92,8.46,1.54,4.62,8.08,3.08,4.62,7.31,4.62,5.38,3.08,3.08,
8.10,3.24,5.26,5.26,2.43,9.72,1.62,7.29,4.05,8.10,0.81,6.48,4.86,3.64,2.43,9.72,3.24,7.69,1.62,4.45,
7.51,2.40,4.50,8.71,4.80,9.61,2.10,2.70,6.31,5.41,4.50,5.71,3.60,3.90,3.90,6.91,4.20,5.71,2.70,4.80,
5.41,1.16,4.25,10.42,1.93,5.79,3.09,6.18,6.18,12.36,1.54,5.79,4.63,4.63,6.95,5.79,2.32,5.79,2.70,3.09,
9.76,1.32,4.75,6.33,3.17,4.22,4.49,1.85,3.17,10.03,2.90,2.90,8.97,6.86,6.86,6.07,4.49,5.54,3.17,3.17,
7.09,6.56,5.25,4.99,1.84,5.77,2.62,3.41,2.89,15.22,3.15,1.57,8.66,8.40,4.20,5.25,4.20,5.77,2.10,1.05,
6.01,3.53,2.83,4.59,4.59,6.01,3.53,6.01,4.24,10.95,2.47,3.18,4.24,2.83,6.71,8.13,4.24,10.25,2.12,3.53,
9.20,2.87,1.15,4.60,8.62,6.32,1.44,6.90,3.16,8.33,4.31,4.60,5.75,3.45,2.01,4.89,6.90,8.62,1.44,5.46,
3.41,4.72,2.62,6.04,3.15,8.14,1.31,4.20,4.99,8.66,0.79,3.94,9.45,3.41,4.20,8.92,11.55,6.30,1.31,2.89,
6.69,3.72,3.72,1.12,0.74,10.04,2.23,5.20,2.97,8.92,0.74,6.69,4.83,3.35,4.09,12.27,5.20,9.29,3.72,4.46,
6.69,4.09,4.46,1.49,0.37,10.41,1.86,5.20,2.97,10.04,1.86,7.06,4.09,3.72,2.60,11.52,5.58,7.81,3.72,4.46,
8.63,1.60,4.79,4.15,7.35,12.46,0.32,1.60,3.83,7.99,2.56,3.51,6.71,5.75,2.24,6.39,4.79,8.31,1.92,5.11,
7.21,0.45,5.41,9.01,4.50,4.50,1.35,6.76,10.81,13.51,3.60,3.15,5.41,2.25,5.41,5.41,1.80,4.50,0.45,4.50,
13.75,3.33,5.83,6.25,2.92,9.58,3.75,1.67,2.08,8.33,1.25,2.92,5.42,4.58,8.33,7.08,2.50,7.08,2.08,1.25,
6.27,2.35,3.14,3.92,3.14,8.63,2.35,5.10,1.57,10.20,2.35,4.31,5.88,6.67,13.33,5.88,5.49,6.27,1.18,1.96,
9.21,4.21,5.26,4.47,5.00,10.26,1.58,8.16,8.68,7.89,1.32,3.42,4.47,1.58,2.11,6.05,7.11,7.11,0.79,1.32,
5.71,2.00,6.29,8.00,5.71,6.86,1.71,6.29,9.43,7.71,2.29,4.29,4.00,3.43,6.00,6.29,4.57,4.86,1.71,2.86,
11.47,2.93,4.27,5.33,2.67,6.40,1.87,1.07,2.40,16.53,1.60,4.00,8.00,3.73,5.87,7.73,4.80,7.47,1.33,0.53,
4.72,1.97,5.91,3.94,5.51,4.72,3.15,3.54,6.69,11.02,1.18,3.54,4.33,4.72,3.94,10.24,6.69,7.09,3.15,3.94,
7.06,2.82,7.06,8.47,4.80,5.37,1.41,7.34,7.91,7.63,2.54,3.95,1.13,3.67,5.65,5.93,6.21,5.93,0.85,4.24,
